using System.Collections;
using System.Collections.Generic;
using UnityEngine;
using System;

/// <summary>
/// The sticker index cycles notation for the turns of the cube
/// Image for calculating the sticker indexes:
/// https://docs.google.com/drawings/d/1h2QFtHRlkxURK6rBMxNY1jmVToYkR3r181nzOgWkgTo/edit?usp=sharing
/// The creation of the cycles were generated by the Mathematica code located in
/// the "Mathematica" folder
/// IMPORTANT:
/// The hypersticker indexes start at 1 because Mathematica starts at index 1
/// </summary>
public static class TurnCycles
{

	/// <summary>
	/// The clockwise 90 degree rotation cycles for rotating hyperfaces in order
	/// of color hyperface first:
	/// white, pink, purple, green, blue, red, orange, yellow,
	/// then by face in the order:
	/// bottom, front, left, right, back, top
	/// ie:
	/// white bottom, white left, ... yellow back, yellow top
	/// </summary>
	private static List<int[,]> faceTurns90 = new List<int[,]>()
	{
		new int[,]
		{{1, 3, 9, 7}, {2, 6, 8, 4}, {10, 12, 18, 16}, {11, 15, 17, 13}, {19, 21, 27, 25}, {20, 24, 26, 22}, {34, 136, 57, 171}, {35, 139, 56, 168}, {36, 142, 55, 165}, {43, 145, 66, 180}, {44, 148, 65, 177}, {45, 151, 64, 174}, {52, 154, 75, 189}, {53, 157, 74, 186}, {54, 160, 73, 183}, {82, 84, 90, 88}, {83, 87, 89, 85}, {127, 129, 135, 133}, {128, 132, 134, 130}},
		new int[,]
		{{1, 19, 21, 3}, {2, 10, 20, 12}, {4, 22, 24, 6}, {5, 13, 23, 15}, {7, 25, 27, 9}, {8, 16, 26, 18}, {34, 52, 54, 36}, {35, 43, 53, 45}, {55, 73, 75, 57}, {56, 64, 74, 66}, {82, 154, 129, 165}, {83, 145, 128, 174}, {84, 136, 127, 183}, {85, 157, 132, 168}, {86, 148, 131, 177}, {87, 139, 130, 186}, {88, 160, 135, 171}, {89, 151, 134, 180}, {90, 142, 133, 189}},
		new int[,]
		{{1, 7, 25, 19}, {2, 8, 26, 20}, {3, 9, 27, 21}, {4, 16, 22, 10}, {5, 17, 23, 11}, {6, 18, 24, 12}, {34, 133, 73, 82}, {35, 134, 74, 83}, {36, 135, 75, 84}, {43, 130, 64, 85}, {44, 131, 65, 86}, {45, 132, 66, 87}, {52, 127, 55, 88}, {53, 128, 56, 89}, {54, 129, 57, 90}, {136, 142, 160, 154}, {139, 151, 157, 145}, {165, 171, 189, 183}, {168, 180, 186, 174}},
		new int[,]
		{{1, 19, 25, 7}, {2, 20, 26, 8}, {3, 21, 27, 9}, {4, 10, 22, 16}, {5, 11, 23, 17}, {6, 12, 24, 18}, {34, 82, 73, 133}, {35, 83, 74, 134}, {36, 84, 75, 135}, {43, 85, 64, 130}, {44, 86, 65, 131}, {45, 87, 66, 132}, {52, 88, 55, 127}, {53, 89, 56, 128}, {54, 90, 57, 129}, {136, 154, 160, 142}, {139, 145, 157, 151}, {165, 183, 189, 171}, {168, 174, 186, 180}},
		new int[,]
		{{1, 3, 21, 19}, {2, 12, 20, 10}, {4, 6, 24, 22}, {5, 15, 23, 13}, {7, 9, 27, 25}, {8, 18, 26, 16}, {34, 36, 54, 52}, {35, 45, 53, 43}, {55, 57, 75, 73}, {56, 66, 74, 64}, {82, 165, 129, 154}, {83, 174, 128, 145}, {84, 183, 127, 136}, {85, 168, 132, 157}, {86, 177, 131, 148}, {87, 186, 130, 139}, {88, 171, 135, 160}, {89, 180, 134, 151}, {90, 189, 133, 142}},
		new int[,]
		{{1, 7, 9, 3}, {2, 4, 8, 6}, {10, 16, 18, 12}, {11, 13, 17, 15}, {19, 25, 27, 21}, {20, 22, 26, 24}, {34, 171, 57, 136}, {35, 168, 56, 139}, {36, 165, 55, 142}, {43, 180, 66, 145}, {44, 177, 65, 148}, {45, 174, 64, 151}, {52, 189, 75, 154}, {53, 186, 74, 157}, {54, 183, 73, 160}, {82, 88, 90, 84}, {83, 85, 89, 87}, {127, 133, 135, 129}, {128, 130, 134, 132}},
		new int[,]
		{{1, 163, 190, 136}, {2, 164, 191, 137}, {3, 165, 192, 138}, {10, 172, 199, 145}, {11, 173, 200, 146}, {12, 174, 201, 147}, {19, 181, 208, 154}, {20, 182, 209, 155}, {21, 183, 210, 156}, {28, 30, 36, 34}, {29, 33, 35, 31}, {37, 39, 45, 43}, {38, 42, 44, 40}, {46, 48, 54, 52}, {47, 51, 53, 49}, {82, 100, 102, 84}, {83, 91, 101, 93}, {109, 111, 129, 127}, {110, 120, 128, 118}},
		new int[,]
		{{1, 19, 21, 3}, {2, 10, 20, 12}, {28, 46, 48, 30}, {29, 37, 47, 39}, {31, 49, 51, 33}, {32, 40, 50, 42}, {34, 52, 54, 36}, {35, 43, 53, 45}, {82, 154, 129, 165}, {83, 145, 128, 174}, {84, 136, 127, 183}, {91, 155, 120, 164}, {92, 146, 119, 173}, {93, 137, 118, 182}, {100, 156, 111, 163}, {101, 147, 110, 172}, {102, 138, 109, 181}, {190, 192, 210, 208}, {191, 201, 209, 199}},
		new int[,]
		{{1, 82, 210, 109}, {2, 83, 209, 110}, {3, 84, 208, 111}, {10, 91, 201, 118}, {11, 92, 200, 119}, {12, 93, 199, 120}, {19, 100, 192, 127}, {20, 101, 191, 128}, {21, 102, 190, 129}, {28, 34, 52, 46}, {29, 35, 53, 47}, {30, 36, 54, 48}, {31, 43, 49, 37}, {32, 44, 50, 38}, {33, 45, 51, 39}, {136, 154, 156, 138}, {137, 145, 155, 147}, {163, 165, 183, 181}, {164, 174, 182, 172}},
		new int[,]
		{{1, 109, 210, 82}, {2, 110, 209, 83}, {3, 111, 208, 84}, {10, 118, 201, 91}, {11, 119, 200, 92}, {12, 120, 199, 93}, {19, 127, 192, 100}, {20, 128, 191, 101}, {21, 129, 190, 102}, {28, 46, 52, 34}, {29, 47, 53, 35}, {30, 48, 54, 36}, {31, 37, 49, 43}, {32, 38, 50, 44}, {33, 39, 51, 45}, {136, 138, 156, 154}, {137, 147, 155, 145}, {163, 181, 183, 165}, {164, 172, 182, 174}},
		new int[,]
		{{1, 3, 21, 19}, {2, 12, 20, 10}, {28, 30, 48, 46}, {29, 39, 47, 37}, {31, 33, 51, 49}, {32, 42, 50, 40}, {34, 36, 54, 52}, {35, 45, 53, 43}, {82, 165, 129, 154}, {83, 174, 128, 145}, {84, 183, 127, 136}, {91, 164, 120, 155}, {92, 173, 119, 146}, {93, 182, 118, 137}, {100, 163, 111, 156}, {101, 172, 110, 147}, {102, 181, 109, 138}, {190, 208, 210, 192}, {191, 199, 209, 201}},
		new int[,]
		{{1, 136, 190, 163}, {2, 137, 191, 164}, {3, 138, 192, 165}, {10, 145, 199, 172}, {11, 146, 200, 173}, {12, 147, 201, 174}, {19, 154, 208, 181}, {20, 155, 209, 182}, {21, 156, 210, 183}, {28, 34, 36, 30}, {29, 31, 35, 33}, {37, 43, 45, 39}, {38, 40, 44, 42}, {46, 52, 54, 48}, {47, 49, 53, 51}, {82, 84, 102, 100}, {83, 93, 101, 91}, {109, 127, 129, 111}, {110, 118, 128, 120}},
		new int[,]
		{{7, 142, 196, 169}, {8, 143, 197, 170}, {9, 144, 198, 171}, {16, 151, 205, 178}, {17, 152, 206, 179}, {18, 153, 207, 180}, {25, 160, 214, 187}, {26, 161, 215, 188}, {27, 162, 216, 189}, {55, 57, 63, 61}, {56, 60, 62, 58}, {64, 66, 72, 70}, {65, 69, 71, 67}, {73, 75, 81, 79}, {74, 78, 80, 76}, {88, 90, 108, 106}, {89, 99, 107, 97}, {115, 133, 135, 117}, {116, 124, 134, 126}},
		new int[,]
		{{7, 25, 27, 9}, {8, 16, 26, 18}, {55, 73, 75, 57}, {56, 64, 74, 66}, {58, 76, 78, 60}, {59, 67, 77, 69}, {61, 79, 81, 63}, {62, 70, 80, 72}, {88, 160, 135, 171}, {89, 151, 134, 180}, {90, 142, 133, 189}, {97, 161, 126, 170}, {98, 152, 125, 179}, {99, 143, 124, 188}, {106, 162, 117, 169}, {107, 153, 116, 178}, {108, 144, 115, 187}, {196, 198, 216, 214}, {197, 207, 215, 205}},
		new int[,]
		{{7, 115, 216, 88}, {8, 116, 215, 89}, {9, 117, 214, 90}, {16, 124, 207, 97}, {17, 125, 206, 98}, {18, 126, 205, 99}, {25, 133, 198, 106}, {26, 134, 197, 107}, {27, 135, 196, 108}, {55, 61, 79, 73}, {56, 62, 80, 74}, {57, 63, 81, 75}, {58, 70, 76, 64}, {59, 71, 77, 65}, {60, 72, 78, 66}, {142, 144, 162, 160}, {143, 153, 161, 151}, {169, 187, 189, 171}, {170, 178, 188, 180}},
		new int[,]
		{{7, 88, 216, 115}, {8, 89, 215, 116}, {9, 90, 214, 117}, {16, 97, 207, 124}, {17, 98, 206, 125}, {18, 99, 205, 126}, {25, 106, 198, 133}, {26, 107, 197, 134}, {27, 108, 196, 135}, {55, 73, 79, 61}, {56, 74, 80, 62}, {57, 75, 81, 63}, {58, 64, 76, 70}, {59, 65, 77, 71}, {60, 66, 78, 72}, {142, 160, 162, 144}, {143, 151, 161, 153}, {169, 171, 189, 187}, {170, 180, 188, 178}},
		new int[,]
		{{7, 9, 27, 25}, {8, 18, 26, 16}, {55, 57, 75, 73}, {56, 66, 74, 64}, {58, 60, 78, 76}, {59, 69, 77, 67}, {61, 63, 81, 79}, {62, 72, 80, 70}, {88, 171, 135, 160}, {89, 180, 134, 151}, {90, 189, 133, 142}, {97, 170, 126, 161}, {98, 179, 125, 152}, {99, 188, 124, 143}, {106, 169, 117, 162}, {107, 178, 116, 153}, {108, 187, 115, 144}, {196, 214, 216, 198}, {197, 205, 215, 207}},
		new int[,]
		{{7, 169, 196, 142}, {8, 170, 197, 143}, {9, 171, 198, 144}, {16, 178, 205, 151}, {17, 179, 206, 152}, {18, 180, 207, 153}, {25, 187, 214, 160}, {26, 188, 215, 161}, {27, 189, 216, 162}, {55, 61, 63, 57}, {56, 58, 62, 60}, {64, 70, 72, 66}, {65, 67, 71, 69}, {73, 79, 81, 75}, {74, 76, 80, 78}, {88, 106, 108, 90}, {89, 97, 107, 99}, {115, 117, 135, 133}, {116, 126, 134, 124}},
		new int[,]
		{{19, 21, 27, 25}, {20, 24, 26, 22}, {46, 156, 81, 187}, {47, 159, 80, 184}, {48, 162, 79, 181}, {49, 155, 78, 188}, {50, 158, 77, 185}, {51, 161, 76, 182}, {52, 154, 75, 189}, {53, 157, 74, 186}, {54, 160, 73, 183}, {82, 84, 90, 88}, {83, 87, 89, 85}, {91, 93, 99, 97}, {92, 96, 98, 94}, {100, 102, 108, 106}, {101, 105, 107, 103}, {208, 214, 216, 210}, {209, 211, 215, 213}},
		new int[,]
		{{19, 181, 208, 154}, {20, 182, 209, 155}, {21, 183, 210, 156}, {22, 184, 211, 157}, {23, 185, 212, 158}, {24, 186, 213, 159}, {25, 187, 214, 160}, {26, 188, 215, 161}, {27, 189, 216, 162}, {46, 48, 54, 52}, {47, 51, 53, 49}, {73, 79, 81, 75}, {74, 76, 80, 78}, {82, 100, 102, 84}, {83, 91, 101, 93}, {85, 103, 105, 87}, {86, 94, 104, 96}, {88, 106, 108, 90}, {89, 97, 107, 99}},
		new int[,]
		{{19, 73, 216, 46}, {20, 74, 215, 47}, {21, 75, 214, 48}, {22, 76, 213, 49}, {23, 77, 212, 50}, {24, 78, 211, 51}, {25, 79, 210, 52}, {26, 80, 209, 53}, {27, 81, 208, 54}, {82, 88, 106, 100}, {83, 89, 107, 101}, {84, 90, 108, 102}, {85, 97, 103, 91}, {86, 98, 104, 92}, {87, 99, 105, 93}, {154, 160, 162, 156}, {155, 157, 161, 159}, {181, 183, 189, 187}, {182, 186, 188, 184}},
		new int[,]
		{{19, 46, 216, 73}, {20, 47, 215, 74}, {21, 48, 214, 75}, {22, 49, 213, 76}, {23, 50, 212, 77}, {24, 51, 211, 78}, {25, 52, 210, 79}, {26, 53, 209, 80}, {27, 54, 208, 81}, {82, 100, 106, 88}, {83, 101, 107, 89}, {84, 102, 108, 90}, {85, 91, 103, 97}, {86, 92, 104, 98}, {87, 93, 105, 99}, {154, 156, 162, 160}, {155, 159, 161, 157}, {181, 187, 189, 183}, {182, 184, 188, 186}},
		new int[,]
		{{19, 154, 208, 181}, {20, 155, 209, 182}, {21, 156, 210, 183}, {22, 157, 211, 184}, {23, 158, 212, 185}, {24, 159, 213, 186}, {25, 160, 214, 187}, {26, 161, 215, 188}, {27, 162, 216, 189}, {46, 52, 54, 48}, {47, 49, 53, 51}, {73, 75, 81, 79}, {74, 78, 80, 76}, {82, 84, 102, 100}, {83, 93, 101, 91}, {85, 87, 105, 103}, {86, 96, 104, 94}, {88, 90, 108, 106}, {89, 99, 107, 97}},
		new int[,]
		{{19, 25, 27, 21}, {20, 22, 26, 24}, {46, 187, 81, 156}, {47, 184, 80, 159}, {48, 181, 79, 162}, {49, 188, 78, 155}, {50, 185, 77, 158}, {51, 182, 76, 161}, {52, 189, 75, 154}, {53, 186, 74, 157}, {54, 183, 73, 160}, {82, 88, 90, 84}, {83, 85, 89, 87}, {91, 97, 99, 93}, {92, 94, 98, 96}, {100, 106, 108, 102}, {101, 103, 107, 105}, {208, 210, 216, 214}, {209, 213, 215, 211}},
		new int[,]
		{{1, 3, 9, 7}, {2, 6, 8, 4}, {28, 138, 63, 169}, {29, 141, 62, 166}, {30, 144, 61, 163}, {31, 137, 60, 170}, {32, 140, 59, 167}, {33, 143, 58, 164}, {34, 136, 57, 171}, {35, 139, 56, 168}, {36, 142, 55, 165}, {109, 111, 117, 115}, {110, 114, 116, 112}, {118, 120, 126, 124}, {119, 123, 125, 121}, {127, 129, 135, 133}, {128, 132, 134, 130}, {190, 196, 198, 192}, {191, 193, 197, 195}},
		new int[,]
		{{1, 136, 190, 163}, {2, 137, 191, 164}, {3, 138, 192, 165}, {4, 139, 193, 166}, {5, 140, 194, 167}, {6, 141, 195, 168}, {7, 142, 196, 169}, {8, 143, 197, 170}, {9, 144, 198, 171}, {28, 34, 36, 30}, {29, 31, 35, 33}, {55, 57, 63, 61}, {56, 60, 62, 58}, {109, 127, 129, 111}, {110, 118, 128, 120}, {112, 130, 132, 114}, {113, 121, 131, 123}, {115, 133, 135, 117}, {116, 124, 134, 126}},
		new int[,]
		{{1, 28, 198, 55}, {2, 29, 197, 56}, {3, 30, 196, 57}, {4, 31, 195, 58}, {5, 32, 194, 59}, {6, 33, 193, 60}, {7, 34, 192, 61}, {8, 35, 191, 62}, {9, 36, 190, 63}, {109, 115, 133, 127}, {110, 116, 134, 128}, {111, 117, 135, 129}, {112, 124, 130, 118}, {113, 125, 131, 119}, {114, 126, 132, 120}, {136, 138, 144, 142}, {137, 141, 143, 139}, {163, 169, 171, 165}, {164, 166, 170, 168}},
		new int[,]
		{{1, 55, 198, 28}, {2, 56, 197, 29}, {3, 57, 196, 30}, {4, 58, 195, 31}, {5, 59, 194, 32}, {6, 60, 193, 33}, {7, 61, 192, 34}, {8, 62, 191, 35}, {9, 63, 190, 36}, {109, 127, 133, 115}, {110, 128, 134, 116}, {111, 129, 135, 117}, {112, 118, 130, 124}, {113, 119, 131, 125}, {114, 120, 132, 126}, {136, 142, 144, 138}, {137, 139, 143, 141}, {163, 165, 171, 169}, {164, 168, 170, 166}},
		new int[,]
		{{1, 163, 190, 136}, {2, 164, 191, 137}, {3, 165, 192, 138}, {4, 166, 193, 139}, {5, 167, 194, 140}, {6, 168, 195, 141}, {7, 169, 196, 142}, {8, 170, 197, 143}, {9, 171, 198, 144}, {28, 30, 36, 34}, {29, 33, 35, 31}, {55, 61, 63, 57}, {56, 58, 62, 60}, {109, 111, 129, 127}, {110, 120, 128, 118}, {112, 114, 132, 130}, {113, 123, 131, 121}, {115, 117, 135, 133}, {116, 126, 134, 124}},
		new int[,]
		{{1, 7, 9, 3}, {2, 4, 8, 6}, {28, 169, 63, 138}, {29, 166, 62, 141}, {30, 163, 61, 144}, {31, 170, 60, 137}, {32, 167, 59, 140}, {33, 164, 58, 143}, {34, 171, 57, 136}, {35, 168, 56, 139}, {36, 165, 55, 142}, {109, 115, 117, 111}, {110, 112, 116, 114}, {118, 124, 126, 120}, {119, 121, 125, 123}, {127, 133, 135, 129}, {128, 130, 134, 132}, {190, 192, 198, 196}, {191, 195, 197, 193}},
		new int[,]
		{{3, 30, 196, 57}, {6, 33, 193, 60}, {9, 36, 190, 63}, {12, 39, 205, 66}, {15, 42, 202, 69}, {18, 45, 199, 72}, {21, 48, 214, 75}, {24, 51, 211, 78}, {27, 54, 208, 81}, {84, 102, 108, 90}, {87, 93, 105, 99}, {111, 117, 135, 129}, {114, 126, 132, 120}, {136, 138, 144, 142}, {137, 141, 143, 139}, {145, 147, 153, 151}, {146, 150, 152, 148}, {154, 156, 162, 160}, {155, 159, 161, 157}},
		new int[,]
		{{3, 84, 208, 111}, {6, 87, 211, 114}, {9, 90, 214, 117}, {12, 93, 199, 120}, {15, 96, 202, 123}, {18, 99, 205, 126}, {21, 102, 190, 129}, {24, 105, 193, 132}, {27, 108, 196, 135}, {30, 36, 54, 48}, {33, 45, 51, 39}, {57, 75, 81, 63}, {60, 66, 78, 72}, {136, 154, 156, 138}, {137, 145, 155, 147}, {139, 157, 159, 141}, {140, 148, 158, 150}, {142, 160, 162, 144}, {143, 151, 161, 153}},
		new int[,]
		{{3, 9, 27, 21}, {6, 18, 24, 12}, {30, 117, 81, 102}, {33, 126, 78, 93}, {36, 135, 75, 84}, {39, 114, 72, 105}, {42, 123, 69, 96}, {45, 132, 66, 87}, {48, 111, 63, 108}, {51, 120, 60, 99}, {54, 129, 57, 90}, {136, 142, 160, 154}, {137, 143, 161, 155}, {138, 144, 162, 156}, {139, 151, 157, 145}, {140, 152, 158, 146}, {141, 153, 159, 147}, {190, 196, 214, 208}, {193, 205, 211, 199}},
		new int[,]
		{{3, 21, 27, 9}, {6, 12, 24, 18}, {30, 102, 81, 117}, {33, 93, 78, 126}, {36, 84, 75, 135}, {39, 105, 72, 114}, {42, 96, 69, 123}, {45, 87, 66, 132}, {48, 108, 63, 111}, {51, 99, 60, 120}, {54, 90, 57, 129}, {136, 154, 160, 142}, {137, 155, 161, 143}, {138, 156, 162, 144}, {139, 145, 157, 151}, {140, 146, 158, 152}, {141, 147, 159, 153}, {190, 208, 214, 196}, {193, 199, 211, 205}},
		new int[,]
		{{3, 111, 208, 84}, {6, 114, 211, 87}, {9, 117, 214, 90}, {12, 120, 199, 93}, {15, 123, 202, 96}, {18, 126, 205, 99}, {21, 129, 190, 102}, {24, 132, 193, 105}, {27, 135, 196, 108}, {30, 48, 54, 36}, {33, 39, 51, 45}, {57, 63, 81, 75}, {60, 72, 78, 66}, {136, 138, 156, 154}, {137, 147, 155, 145}, {139, 141, 159, 157}, {140, 150, 158, 148}, {142, 144, 162, 160}, {143, 153, 161, 151}},
		new int[,]
		{{3, 57, 196, 30}, {6, 60, 193, 33}, {9, 63, 190, 36}, {12, 66, 205, 39}, {15, 69, 202, 42}, {18, 72, 199, 45}, {21, 75, 214, 48}, {24, 78, 211, 51}, {27, 81, 208, 54}, {84, 90, 108, 102}, {87, 99, 105, 93}, {111, 129, 135, 117}, {114, 120, 132, 126}, {136, 142, 144, 138}, {137, 139, 143, 141}, {145, 151, 153, 147}, {146, 148, 152, 150}, {154, 160, 162, 156}, {155, 157, 161, 159}},
		new int[,]
		{{1, 55, 198, 28}, {4, 58, 195, 31}, {7, 61, 192, 34}, {10, 64, 207, 37}, {13, 67, 204, 40}, {16, 70, 201, 43}, {19, 73, 216, 46}, {22, 76, 213, 49}, {25, 79, 210, 52}, {82, 88, 106, 100}, {85, 97, 103, 91}, {109, 127, 133, 115}, {112, 118, 130, 124}, {163, 165, 171, 169}, {164, 168, 170, 166}, {172, 174, 180, 178}, {173, 177, 179, 175}, {181, 183, 189, 187}, {182, 186, 188, 184}},
		new int[,]
		{{1, 109, 210, 82}, {4, 112, 213, 85}, {7, 115, 216, 88}, {10, 118, 201, 91}, {13, 121, 204, 94}, {16, 124, 207, 97}, {19, 127, 192, 100}, {22, 130, 195, 103}, {25, 133, 198, 106}, {28, 46, 52, 34}, {31, 37, 49, 43}, {55, 61, 79, 73}, {58, 70, 76, 64}, {163, 181, 183, 165}, {164, 172, 182, 174}, {166, 184, 186, 168}, {167, 175, 185, 177}, {169, 187, 189, 171}, {170, 178, 188, 180}},
		new int[,]
		{{1, 7, 25, 19}, {4, 16, 22, 10}, {28, 115, 79, 100}, {31, 124, 76, 91}, {34, 133, 73, 82}, {37, 112, 70, 103}, {40, 121, 67, 94}, {43, 130, 64, 85}, {46, 109, 61, 106}, {49, 118, 58, 97}, {52, 127, 55, 88}, {163, 169, 187, 181}, {164, 170, 188, 182}, {165, 171, 189, 183}, {166, 178, 184, 172}, {167, 179, 185, 173}, {168, 180, 186, 174}, {192, 198, 216, 210}, {195, 207, 213, 201}},
		new int[,]
		{{1, 19, 25, 7}, {4, 10, 22, 16}, {28, 100, 79, 115}, {31, 91, 76, 124}, {34, 82, 73, 133}, {37, 103, 70, 112}, {40, 94, 67, 121}, {43, 85, 64, 130}, {46, 106, 61, 109}, {49, 97, 58, 118}, {52, 88, 55, 127}, {163, 181, 187, 169}, {164, 182, 188, 170}, {165, 183, 189, 171}, {166, 172, 184, 178}, {167, 173, 185, 179}, {168, 174, 186, 180}, {192, 210, 216, 198}, {195, 201, 213, 207}},
		new int[,]
		{{1, 82, 210, 109}, {4, 85, 213, 112}, {7, 88, 216, 115}, {10, 91, 201, 118}, {13, 94, 204, 121}, {16, 97, 207, 124}, {19, 100, 192, 127}, {22, 103, 195, 130}, {25, 106, 198, 133}, {28, 34, 52, 46}, {31, 43, 49, 37}, {55, 73, 79, 61}, {58, 64, 76, 70}, {163, 165, 183, 181}, {164, 174, 182, 172}, {166, 168, 186, 184}, {167, 177, 185, 175}, {169, 171, 189, 187}, {170, 180, 188, 178}},
		new int[,]
		{{1, 28, 198, 55}, {4, 31, 195, 58}, {7, 34, 192, 61}, {10, 37, 207, 64}, {13, 40, 204, 67}, {16, 43, 201, 70}, {19, 46, 216, 73}, {22, 49, 213, 76}, {25, 52, 210, 79}, {82, 100, 106, 88}, {85, 91, 103, 97}, {109, 115, 133, 127}, {112, 124, 130, 118}, {163, 169, 171, 165}, {164, 166, 170, 168}, {172, 178, 180, 174}, {173, 175, 179, 177}, {181, 187, 189, 183}, {182, 184, 188, 186}},
		new int[,]
		{{28, 169, 63, 138}, {29, 166, 62, 141}, {30, 163, 61, 144}, {37, 178, 72, 147}, {38, 175, 71, 150}, {39, 172, 70, 153}, {46, 187, 81, 156}, {47, 184, 80, 159}, {48, 181, 79, 162}, {100, 106, 108, 102}, {101, 103, 107, 105}, {109, 115, 117, 111}, {110, 112, 116, 114}, {190, 192, 198, 196}, {191, 195, 197, 193}, {199, 201, 207, 205}, {200, 204, 206, 202}, {208, 210, 216, 214}, {209, 213, 215, 211}},
		new int[,]
		{{28, 30, 48, 46}, {29, 39, 47, 37}, {61, 63, 81, 79}, {62, 72, 80, 70}, {100, 163, 111, 156}, {101, 172, 110, 147}, {102, 181, 109, 138}, {103, 166, 114, 159}, {104, 175, 113, 150}, {105, 184, 112, 141}, {106, 169, 117, 162}, {107, 178, 116, 153}, {108, 187, 115, 144}, {190, 208, 210, 192}, {191, 199, 209, 201}, {193, 211, 213, 195}, {194, 202, 212, 204}, {196, 214, 216, 198}, {197, 205, 215, 207}},
		new int[,]
		{{28, 115, 79, 100}, {29, 116, 80, 101}, {30, 117, 81, 102}, {37, 112, 70, 103}, {38, 113, 71, 104}, {39, 114, 72, 105}, {46, 109, 61, 106}, {47, 110, 62, 107}, {48, 111, 63, 108}, {138, 144, 162, 156}, {141, 153, 159, 147}, {163, 169, 187, 181}, {166, 178, 184, 172}, {190, 196, 214, 208}, {191, 197, 215, 209}, {192, 198, 216, 210}, {193, 205, 211, 199}, {194, 206, 212, 200}, {195, 207, 213, 201}},
		new int[,]
		{{28, 100, 79, 115}, {29, 101, 80, 116}, {30, 102, 81, 117}, {37, 103, 70, 112}, {38, 104, 71, 113}, {39, 105, 72, 114}, {46, 106, 61, 109}, {47, 107, 62, 110}, {48, 108, 63, 111}, {138, 156, 162, 144}, {141, 147, 159, 153}, {163, 181, 187, 169}, {166, 172, 184, 178}, {190, 208, 214, 196}, {191, 209, 215, 197}, {192, 210, 216, 198}, {193, 199, 211, 205}, {194, 200, 212, 206}, {195, 201, 213, 207}},
		new int[,]
		{{28, 46, 48, 30}, {29, 37, 47, 39}, {61, 79, 81, 63}, {62, 70, 80, 72}, {100, 156, 111, 163}, {101, 147, 110, 172}, {102, 138, 109, 181}, {103, 159, 114, 166}, {104, 150, 113, 175}, {105, 141, 112, 184}, {106, 162, 117, 169}, {107, 153, 116, 178}, {108, 144, 115, 187}, {190, 192, 210, 208}, {191, 201, 209, 199}, {193, 195, 213, 211}, {194, 204, 212, 202}, {196, 198, 216, 214}, {197, 207, 215, 205}},
		new int[,]
		{{28, 138, 63, 169}, {29, 141, 62, 166}, {30, 144, 61, 163}, {37, 147, 72, 178}, {38, 150, 71, 175}, {39, 153, 70, 172}, {46, 156, 81, 187}, {47, 159, 80, 184}, {48, 162, 79, 181}, {100, 102, 108, 106}, {101, 105, 107, 103}, {109, 111, 117, 115}, {110, 114, 116, 112}, {190, 196, 198, 192}, {191, 193, 197, 195}, {199, 205, 207, 201}, {200, 202, 206, 204}, {208, 214, 216, 210}, {209, 211, 215, 213}}
	};

	/// <summary>
	/// The clockwise 180 degree rotation cycles for rotating hyperfaces in
	/// order of color hyperface first:
	/// white, pink, purple, green, blue, red, orange, yellow,
	/// then by face in the order:
	/// bottom, front, left, right, back, top
	/// ie:
	/// white bottom, white left, ... yellow back, yellow top
	/// </summary>
	private static List<int[,]> faceTurns180 = new List<int[,]>()
	{
		new int[,]
		{{1, 9}, {2, 8}, {3, 7}, {4, 6}, {10, 18}, {11, 17}, {12, 16}, {13, 15}, {19, 27}, {20, 26}, {21, 25}, {22, 24}, {34, 57}, {35, 56}, {36, 55}, {43, 66}, {44, 65}, {45, 64}, {52, 75}, {53, 74}, {54, 73}, {82, 90}, {83, 89}, {84, 88}, {85, 87}, {127, 135}, {128, 134}, {129, 133}, {130, 132}, {136, 171}, {139, 168}, {142, 165}, {145, 180}, {148, 177}, {151, 174}, {154, 189}, {157, 186}, {160, 183}},
		new int[,]
		{{1, 21}, {2, 20}, {3, 19}, {4, 24}, {5, 23}, {6, 22}, {7, 27}, {8, 26}, {9, 25}, {10, 12}, {13, 15}, {16, 18}, {34, 54}, {35, 53}, {36, 52}, {43, 45}, {55, 75}, {56, 74}, {57, 73}, {64, 66}, {82, 129}, {83, 128}, {84, 127}, {85, 132}, {86, 131}, {87, 130}, {88, 135}, {89, 134}, {90, 133}, {136, 183}, {139, 186}, {142, 189}, {145, 174}, {148, 177}, {151, 180}, {154, 165}, {157, 168}, {160, 171}},
		new int[,]
		{{1, 25}, {2, 26}, {3, 27}, {4, 22}, {5, 23}, {6, 24}, {7, 19}, {8, 20}, {9, 21}, {10, 16}, {11, 17}, {12, 18}, {34, 73}, {35, 74}, {36, 75}, {43, 64}, {44, 65}, {45, 66}, {52, 55}, {53, 56}, {54, 57}, {82, 133}, {83, 134}, {84, 135}, {85, 130}, {86, 131}, {87, 132}, {88, 127}, {89, 128}, {90, 129}, {136, 160}, {139, 157}, {142, 154}, {145, 151}, {165, 189}, {168, 186}, {171, 183}, {174, 180}},
		new int[,]
		{{1, 25}, {2, 26}, {3, 27}, {4, 22}, {5, 23}, {6, 24}, {7, 19}, {8, 20}, {9, 21}, {10, 16}, {11, 17}, {12, 18}, {34, 73}, {35, 74}, {36, 75}, {43, 64}, {44, 65}, {45, 66}, {52, 55}, {53, 56}, {54, 57}, {82, 133}, {83, 134}, {84, 135}, {85, 130}, {86, 131}, {87, 132}, {88, 127}, {89, 128}, {90, 129}, {136, 160}, {139, 157}, {142, 154}, {145, 151}, {165, 189}, {168, 186}, {171, 183}, {174, 180}},
		new int[,]
		{{1, 21}, {2, 20}, {3, 19}, {4, 24}, {5, 23}, {6, 22}, {7, 27}, {8, 26}, {9, 25}, {10, 12}, {13, 15}, {16, 18}, {34, 54}, {35, 53}, {36, 52}, {43, 45}, {55, 75}, {56, 74}, {57, 73}, {64, 66}, {82, 129}, {83, 128}, {84, 127}, {85, 132}, {86, 131}, {87, 130}, {88, 135}, {89, 134}, {90, 133}, {136, 183}, {139, 186}, {142, 189}, {145, 174}, {148, 177}, {151, 180}, {154, 165}, {157, 168}, {160, 171}},
		new int[,]
		{{1, 9}, {2, 8}, {3, 7}, {4, 6}, {10, 18}, {11, 17}, {12, 16}, {13, 15}, {19, 27}, {20, 26}, {21, 25}, {22, 24}, {34, 57}, {35, 56}, {36, 55}, {43, 66}, {44, 65}, {45, 64}, {52, 75}, {53, 74}, {54, 73}, {82, 90}, {83, 89}, {84, 88}, {85, 87}, {127, 135}, {128, 134}, {129, 133}, {130, 132}, {136, 171}, {139, 168}, {142, 165}, {145, 180}, {148, 177}, {151, 174}, {154, 189}, {157, 186}, {160, 183}},
		new int[,]
		{{1, 190}, {2, 191}, {3, 192}, {10, 199}, {11, 200}, {12, 201}, {19, 208}, {20, 209}, {21, 210}, {28, 36}, {29, 35}, {30, 34}, {31, 33}, {37, 45}, {38, 44}, {39, 43}, {40, 42}, {46, 54}, {47, 53}, {48, 52}, {49, 51}, {82, 102}, {83, 101}, {84, 100}, {91, 93}, {109, 129}, {110, 128}, {111, 127}, {118, 120}, {136, 163}, {137, 164}, {138, 165}, {145, 172}, {146, 173}, {147, 174}, {154, 181}, {155, 182}, {156, 183}},
		new int[,]
		{{1, 21}, {2, 20}, {3, 19}, {10, 12}, {28, 48}, {29, 47}, {30, 46}, {31, 51}, {32, 50}, {33, 49}, {34, 54}, {35, 53}, {36, 52}, {37, 39}, {40, 42}, {43, 45}, {82, 129}, {83, 128}, {84, 127}, {91, 120}, {92, 119}, {93, 118}, {100, 111}, {101, 110}, {102, 109}, {136, 183}, {137, 182}, {138, 181}, {145, 174}, {146, 173}, {147, 172}, {154, 165}, {155, 164}, {156, 163}, {190, 210}, {191, 209}, {192, 208}, {199, 201}},
		new int[,]
		{{1, 210}, {2, 209}, {3, 208}, {10, 201}, {11, 200}, {12, 199}, {19, 192}, {20, 191}, {21, 190}, {28, 52}, {29, 53}, {30, 54}, {31, 49}, {32, 50}, {33, 51}, {34, 46}, {35, 47}, {36, 48}, {37, 43}, {38, 44}, {39, 45}, {82, 109}, {83, 110}, {84, 111}, {91, 118}, {92, 119}, {93, 120}, {100, 127}, {101, 128}, {102, 129}, {136, 156}, {137, 155}, {138, 154}, {145, 147}, {163, 183}, {164, 182}, {165, 181}, {172, 174}},
		new int[,]
		{{1, 210}, {2, 209}, {3, 208}, {10, 201}, {11, 200}, {12, 199}, {19, 192}, {20, 191}, {21, 190}, {28, 52}, {29, 53}, {30, 54}, {31, 49}, {32, 50}, {33, 51}, {34, 46}, {35, 47}, {36, 48}, {37, 43}, {38, 44}, {39, 45}, {82, 109}, {83, 110}, {84, 111}, {91, 118}, {92, 119}, {93, 120}, {100, 127}, {101, 128}, {102, 129}, {136, 156}, {137, 155}, {138, 154}, {145, 147}, {163, 183}, {164, 182}, {165, 181}, {172, 174}},
		new int[,]
		{{1, 21}, {2, 20}, {3, 19}, {10, 12}, {28, 48}, {29, 47}, {30, 46}, {31, 51}, {32, 50}, {33, 49}, {34, 54}, {35, 53}, {36, 52}, {37, 39}, {40, 42}, {43, 45}, {82, 129}, {83, 128}, {84, 127}, {91, 120}, {92, 119}, {93, 118}, {100, 111}, {101, 110}, {102, 109}, {136, 183}, {137, 182}, {138, 181}, {145, 174}, {146, 173}, {147, 172}, {154, 165}, {155, 164}, {156, 163}, {190, 210}, {191, 209}, {192, 208}, {199, 201}},
		new int[,]
		{{1, 190}, {2, 191}, {3, 192}, {10, 199}, {11, 200}, {12, 201}, {19, 208}, {20, 209}, {21, 210}, {28, 36}, {29, 35}, {30, 34}, {31, 33}, {37, 45}, {38, 44}, {39, 43}, {40, 42}, {46, 54}, {47, 53}, {48, 52}, {49, 51}, {82, 102}, {83, 101}, {84, 100}, {91, 93}, {109, 129}, {110, 128}, {111, 127}, {118, 120}, {136, 163}, {137, 164}, {138, 165}, {145, 172}, {146, 173}, {147, 174}, {154, 181}, {155, 182}, {156, 183}},
		new int[,]
		{{7, 196}, {8, 197}, {9, 198}, {16, 205}, {17, 206}, {18, 207}, {25, 214}, {26, 215}, {27, 216}, {55, 63}, {56, 62}, {57, 61}, {58, 60}, {64, 72}, {65, 71}, {66, 70}, {67, 69}, {73, 81}, {74, 80}, {75, 79}, {76, 78}, {88, 108}, {89, 107}, {90, 106}, {97, 99}, {115, 135}, {116, 134}, {117, 133}, {124, 126}, {142, 169}, {143, 170}, {144, 171}, {151, 178}, {152, 179}, {153, 180}, {160, 187}, {161, 188}, {162, 189}},
		new int[,]
		{{7, 27}, {8, 26}, {9, 25}, {16, 18}, {55, 75}, {56, 74}, {57, 73}, {58, 78}, {59, 77}, {60, 76}, {61, 81}, {62, 80}, {63, 79}, {64, 66}, {67, 69}, {70, 72}, {88, 135}, {89, 134}, {90, 133}, {97, 126}, {98, 125}, {99, 124}, {106, 117}, {107, 116}, {108, 115}, {142, 189}, {143, 188}, {144, 187}, {151, 180}, {152, 179}, {153, 178}, {160, 171}, {161, 170}, {162, 169}, {196, 216}, {197, 215}, {198, 214}, {205, 207}},
		new int[,]
		{{7, 216}, {8, 215}, {9, 214}, {16, 207}, {17, 206}, {18, 205}, {25, 198}, {26, 197}, {27, 196}, {55, 79}, {56, 80}, {57, 81}, {58, 76}, {59, 77}, {60, 78}, {61, 73}, {62, 74}, {63, 75}, {64, 70}, {65, 71}, {66, 72}, {88, 115}, {89, 116}, {90, 117}, {97, 124}, {98, 125}, {99, 126}, {106, 133}, {107, 134}, {108, 135}, {142, 162}, {143, 161}, {144, 160}, {151, 153}, {169, 189}, {170, 188}, {171, 187}, {178, 180}},
		new int[,]
		{{7, 216}, {8, 215}, {9, 214}, {16, 207}, {17, 206}, {18, 205}, {25, 198}, {26, 197}, {27, 196}, {55, 79}, {56, 80}, {57, 81}, {58, 76}, {59, 77}, {60, 78}, {61, 73}, {62, 74}, {63, 75}, {64, 70}, {65, 71}, {66, 72}, {88, 115}, {89, 116}, {90, 117}, {97, 124}, {98, 125}, {99, 126}, {106, 133}, {107, 134}, {108, 135}, {142, 162}, {143, 161}, {144, 160}, {151, 153}, {169, 189}, {170, 188}, {171, 187}, {178, 180}},
		new int[,]
		{{7, 27}, {8, 26}, {9, 25}, {16, 18}, {55, 75}, {56, 74}, {57, 73}, {58, 78}, {59, 77}, {60, 76}, {61, 81}, {62, 80}, {63, 79}, {64, 66}, {67, 69}, {70, 72}, {88, 135}, {89, 134}, {90, 133}, {97, 126}, {98, 125}, {99, 124}, {106, 117}, {107, 116}, {108, 115}, {142, 189}, {143, 188}, {144, 187}, {151, 180}, {152, 179}, {153, 178}, {160, 171}, {161, 170}, {162, 169}, {196, 216}, {197, 215}, {198, 214}, {205, 207}},
		new int[,]
		{{7, 196}, {8, 197}, {9, 198}, {16, 205}, {17, 206}, {18, 207}, {25, 214}, {26, 215}, {27, 216}, {55, 63}, {56, 62}, {57, 61}, {58, 60}, {64, 72}, {65, 71}, {66, 70}, {67, 69}, {73, 81}, {74, 80}, {75, 79}, {76, 78}, {88, 108}, {89, 107}, {90, 106}, {97, 99}, {115, 135}, {116, 134}, {117, 133}, {124, 126}, {142, 169}, {143, 170}, {144, 171}, {151, 178}, {152, 179}, {153, 180}, {160, 187}, {161, 188}, {162, 189}},
		new int[,]
		{{19, 27}, {20, 26}, {21, 25}, {22, 24}, {46, 81}, {47, 80}, {48, 79}, {49, 78}, {50, 77}, {51, 76}, {52, 75}, {53, 74}, {54, 73}, {82, 90}, {83, 89}, {84, 88}, {85, 87}, {91, 99}, {92, 98}, {93, 97}, {94, 96}, {100, 108}, {101, 107}, {102, 106}, {103, 105}, {154, 189}, {155, 188}, {156, 187}, {157, 186}, {158, 185}, {159, 184}, {160, 183}, {161, 182}, {162, 181}, {208, 216}, {209, 215}, {210, 214}, {211, 213}},
		new int[,]
		{{19, 208}, {20, 209}, {21, 210}, {22, 211}, {23, 212}, {24, 213}, {25, 214}, {26, 215}, {27, 216}, {46, 54}, {47, 53}, {48, 52}, {49, 51}, {73, 81}, {74, 80}, {75, 79}, {76, 78}, {82, 102}, {83, 101}, {84, 100}, {85, 105}, {86, 104}, {87, 103}, {88, 108}, {89, 107}, {90, 106}, {91, 93}, {94, 96}, {97, 99}, {154, 181}, {155, 182}, {156, 183}, {157, 184}, {158, 185}, {159, 186}, {160, 187}, {161, 188}, {162, 189}},
		new int[,]
		{{19, 216}, {20, 215}, {21, 214}, {22, 213}, {23, 212}, {24, 211}, {25, 210}, {26, 209}, {27, 208}, {46, 73}, {47, 74}, {48, 75}, {49, 76}, {50, 77}, {51, 78}, {52, 79}, {53, 80}, {54, 81}, {82, 106}, {83, 107}, {84, 108}, {85, 103}, {86, 104}, {87, 105}, {88, 100}, {89, 101}, {90, 102}, {91, 97}, {92, 98}, {93, 99}, {154, 162}, {155, 161}, {156, 160}, {157, 159}, {181, 189}, {182, 188}, {183, 187}, {184, 186}},
		new int[,]
		{{19, 216}, {20, 215}, {21, 214}, {22, 213}, {23, 212}, {24, 211}, {25, 210}, {26, 209}, {27, 208}, {46, 73}, {47, 74}, {48, 75}, {49, 76}, {50, 77}, {51, 78}, {52, 79}, {53, 80}, {54, 81}, {82, 106}, {83, 107}, {84, 108}, {85, 103}, {86, 104}, {87, 105}, {88, 100}, {89, 101}, {90, 102}, {91, 97}, {92, 98}, {93, 99}, {154, 162}, {155, 161}, {156, 160}, {157, 159}, {181, 189}, {182, 188}, {183, 187}, {184, 186}},
		new int[,]
		{{19, 208}, {20, 209}, {21, 210}, {22, 211}, {23, 212}, {24, 213}, {25, 214}, {26, 215}, {27, 216}, {46, 54}, {47, 53}, {48, 52}, {49, 51}, {73, 81}, {74, 80}, {75, 79}, {76, 78}, {82, 102}, {83, 101}, {84, 100}, {85, 105}, {86, 104}, {87, 103}, {88, 108}, {89, 107}, {90, 106}, {91, 93}, {94, 96}, {97, 99}, {154, 181}, {155, 182}, {156, 183}, {157, 184}, {158, 185}, {159, 186}, {160, 187}, {161, 188}, {162, 189}},
		new int[,]
		{{19, 27}, {20, 26}, {21, 25}, {22, 24}, {46, 81}, {47, 80}, {48, 79}, {49, 78}, {50, 77}, {51, 76}, {52, 75}, {53, 74}, {54, 73}, {82, 90}, {83, 89}, {84, 88}, {85, 87}, {91, 99}, {92, 98}, {93, 97}, {94, 96}, {100, 108}, {101, 107}, {102, 106}, {103, 105}, {154, 189}, {155, 188}, {156, 187}, {157, 186}, {158, 185}, {159, 184}, {160, 183}, {161, 182}, {162, 181}, {208, 216}, {209, 215}, {210, 214}, {211, 213}},
		new int[,]
		{{1, 9}, {2, 8}, {3, 7}, {4, 6}, {28, 63}, {29, 62}, {30, 61}, {31, 60}, {32, 59}, {33, 58}, {34, 57}, {35, 56}, {36, 55}, {109, 117}, {110, 116}, {111, 115}, {112, 114}, {118, 126}, {119, 125}, {120, 124}, {121, 123}, {127, 135}, {128, 134}, {129, 133}, {130, 132}, {136, 171}, {137, 170}, {138, 169}, {139, 168}, {140, 167}, {141, 166}, {142, 165}, {143, 164}, {144, 163}, {190, 198}, {191, 197}, {192, 196}, {193, 195}},
		new int[,]
		{{1, 190}, {2, 191}, {3, 192}, {4, 193}, {5, 194}, {6, 195}, {7, 196}, {8, 197}, {9, 198}, {28, 36}, {29, 35}, {30, 34}, {31, 33}, {55, 63}, {56, 62}, {57, 61}, {58, 60}, {109, 129}, {110, 128}, {111, 127}, {112, 132}, {113, 131}, {114, 130}, {115, 135}, {116, 134}, {117, 133}, {118, 120}, {121, 123}, {124, 126}, {136, 163}, {137, 164}, {138, 165}, {139, 166}, {140, 167}, {141, 168}, {142, 169}, {143, 170}, {144, 171}},
		new int[,]
		{{1, 198}, {2, 197}, {3, 196}, {4, 195}, {5, 194}, {6, 193}, {7, 192}, {8, 191}, {9, 190}, {28, 55}, {29, 56}, {30, 57}, {31, 58}, {32, 59}, {33, 60}, {34, 61}, {35, 62}, {36, 63}, {109, 133}, {110, 134}, {111, 135}, {112, 130}, {113, 131}, {114, 132}, {115, 127}, {116, 128}, {117, 129}, {118, 124}, {119, 125}, {120, 126}, {136, 144}, {137, 143}, {138, 142}, {139, 141}, {163, 171}, {164, 170}, {165, 169}, {166, 168}},
		new int[,]
		{{1, 198}, {2, 197}, {3, 196}, {4, 195}, {5, 194}, {6, 193}, {7, 192}, {8, 191}, {9, 190}, {28, 55}, {29, 56}, {30, 57}, {31, 58}, {32, 59}, {33, 60}, {34, 61}, {35, 62}, {36, 63}, {109, 133}, {110, 134}, {111, 135}, {112, 130}, {113, 131}, {114, 132}, {115, 127}, {116, 128}, {117, 129}, {118, 124}, {119, 125}, {120, 126}, {136, 144}, {137, 143}, {138, 142}, {139, 141}, {163, 171}, {164, 170}, {165, 169}, {166, 168}},
		new int[,]
		{{1, 190}, {2, 191}, {3, 192}, {4, 193}, {5, 194}, {6, 195}, {7, 196}, {8, 197}, {9, 198}, {28, 36}, {29, 35}, {30, 34}, {31, 33}, {55, 63}, {56, 62}, {57, 61}, {58, 60}, {109, 129}, {110, 128}, {111, 127}, {112, 132}, {113, 131}, {114, 130}, {115, 135}, {116, 134}, {117, 133}, {118, 120}, {121, 123}, {124, 126}, {136, 163}, {137, 164}, {138, 165}, {139, 166}, {140, 167}, {141, 168}, {142, 169}, {143, 170}, {144, 171}},
		new int[,]
		{{1, 9}, {2, 8}, {3, 7}, {4, 6}, {28, 63}, {29, 62}, {30, 61}, {31, 60}, {32, 59}, {33, 58}, {34, 57}, {35, 56}, {36, 55}, {109, 117}, {110, 116}, {111, 115}, {112, 114}, {118, 126}, {119, 125}, {120, 124}, {121, 123}, {127, 135}, {128, 134}, {129, 133}, {130, 132}, {136, 171}, {137, 170}, {138, 169}, {139, 168}, {140, 167}, {141, 166}, {142, 165}, {143, 164}, {144, 163}, {190, 198}, {191, 197}, {192, 196}, {193, 195}},
		new int[,]
		{{3, 196}, {6, 193}, {9, 190}, {12, 205}, {15, 202}, {18, 199}, {21, 214}, {24, 211}, {27, 208}, {30, 57}, {33, 60}, {36, 63}, {39, 66}, {42, 69}, {45, 72}, {48, 75}, {51, 78}, {54, 81}, {84, 108}, {87, 105}, {90, 102}, {93, 99}, {111, 135}, {114, 132}, {117, 129}, {120, 126}, {136, 144}, {137, 143}, {138, 142}, {139, 141}, {145, 153}, {146, 152}, {147, 151}, {148, 150}, {154, 162}, {155, 161}, {156, 160}, {157, 159}},
		new int[,]
		{{3, 208}, {6, 211}, {9, 214}, {12, 199}, {15, 202}, {18, 205}, {21, 190}, {24, 193}, {27, 196}, {30, 54}, {33, 51}, {36, 48}, {39, 45}, {57, 81}, {60, 78}, {63, 75}, {66, 72}, {84, 111}, {87, 114}, {90, 117}, {93, 120}, {96, 123}, {99, 126}, {102, 129}, {105, 132}, {108, 135}, {136, 156}, {137, 155}, {138, 154}, {139, 159}, {140, 158}, {141, 157}, {142, 162}, {143, 161}, {144, 160}, {145, 147}, {148, 150}, {151, 153}},
		new int[,]
		{{3, 27}, {6, 24}, {9, 21}, {12, 18}, {30, 81}, {33, 78}, {36, 75}, {39, 72}, {42, 69}, {45, 66}, {48, 63}, {51, 60}, {54, 57}, {84, 135}, {87, 132}, {90, 129}, {93, 126}, {96, 123}, {99, 120}, {102, 117}, {105, 114}, {108, 111}, {136, 160}, {137, 161}, {138, 162}, {139, 157}, {140, 158}, {141, 159}, {142, 154}, {143, 155}, {144, 156}, {145, 151}, {146, 152}, {147, 153}, {190, 214}, {193, 211}, {196, 208}, {199, 205}},
		new int[,]
		{{3, 27}, {6, 24}, {9, 21}, {12, 18}, {30, 81}, {33, 78}, {36, 75}, {39, 72}, {42, 69}, {45, 66}, {48, 63}, {51, 60}, {54, 57}, {84, 135}, {87, 132}, {90, 129}, {93, 126}, {96, 123}, {99, 120}, {102, 117}, {105, 114}, {108, 111}, {136, 160}, {137, 161}, {138, 162}, {139, 157}, {140, 158}, {141, 159}, {142, 154}, {143, 155}, {144, 156}, {145, 151}, {146, 152}, {147, 153}, {190, 214}, {193, 211}, {196, 208}, {199, 205}},
		new int[,]
		{{3, 208}, {6, 211}, {9, 214}, {12, 199}, {15, 202}, {18, 205}, {21, 190}, {24, 193}, {27, 196}, {30, 54}, {33, 51}, {36, 48}, {39, 45}, {57, 81}, {60, 78}, {63, 75}, {66, 72}, {84, 111}, {87, 114}, {90, 117}, {93, 120}, {96, 123}, {99, 126}, {102, 129}, {105, 132}, {108, 135}, {136, 156}, {137, 155}, {138, 154}, {139, 159}, {140, 158}, {141, 157}, {142, 162}, {143, 161}, {144, 160}, {145, 147}, {148, 150}, {151, 153}},
		new int[,]
		{{3, 196}, {6, 193}, {9, 190}, {12, 205}, {15, 202}, {18, 199}, {21, 214}, {24, 211}, {27, 208}, {30, 57}, {33, 60}, {36, 63}, {39, 66}, {42, 69}, {45, 72}, {48, 75}, {51, 78}, {54, 81}, {84, 108}, {87, 105}, {90, 102}, {93, 99}, {111, 135}, {114, 132}, {117, 129}, {120, 126}, {136, 144}, {137, 143}, {138, 142}, {139, 141}, {145, 153}, {146, 152}, {147, 151}, {148, 150}, {154, 162}, {155, 161}, {156, 160}, {157, 159}},
		new int[,]
		{{1, 198}, {4, 195}, {7, 192}, {10, 207}, {13, 204}, {16, 201}, {19, 216}, {22, 213}, {25, 210}, {28, 55}, {31, 58}, {34, 61}, {37, 64}, {40, 67}, {43, 70}, {46, 73}, {49, 76}, {52, 79}, {82, 106}, {85, 103}, {88, 100}, {91, 97}, {109, 133}, {112, 130}, {115, 127}, {118, 124}, {163, 171}, {164, 170}, {165, 169}, {166, 168}, {172, 180}, {173, 179}, {174, 178}, {175, 177}, {181, 189}, {182, 188}, {183, 187}, {184, 186}},
		new int[,]
		{{1, 210}, {4, 213}, {7, 216}, {10, 201}, {13, 204}, {16, 207}, {19, 192}, {22, 195}, {25, 198}, {28, 52}, {31, 49}, {34, 46}, {37, 43}, {55, 79}, {58, 76}, {61, 73}, {64, 70}, {82, 109}, {85, 112}, {88, 115}, {91, 118}, {94, 121}, {97, 124}, {100, 127}, {103, 130}, {106, 133}, {163, 183}, {164, 182}, {165, 181}, {166, 186}, {167, 185}, {168, 184}, {169, 189}, {170, 188}, {171, 187}, {172, 174}, {175, 177}, {178, 180}},
		new int[,]
		{{1, 25}, {4, 22}, {7, 19}, {10, 16}, {28, 79}, {31, 76}, {34, 73}, {37, 70}, {40, 67}, {43, 64}, {46, 61}, {49, 58}, {52, 55}, {82, 133}, {85, 130}, {88, 127}, {91, 124}, {94, 121}, {97, 118}, {100, 115}, {103, 112}, {106, 109}, {163, 187}, {164, 188}, {165, 189}, {166, 184}, {167, 185}, {168, 186}, {169, 181}, {170, 182}, {171, 183}, {172, 178}, {173, 179}, {174, 180}, {192, 216}, {195, 213}, {198, 210}, {201, 207}},
		new int[,]
		{{1, 25}, {4, 22}, {7, 19}, {10, 16}, {28, 79}, {31, 76}, {34, 73}, {37, 70}, {40, 67}, {43, 64}, {46, 61}, {49, 58}, {52, 55}, {82, 133}, {85, 130}, {88, 127}, {91, 124}, {94, 121}, {97, 118}, {100, 115}, {103, 112}, {106, 109}, {163, 187}, {164, 188}, {165, 189}, {166, 184}, {167, 185}, {168, 186}, {169, 181}, {170, 182}, {171, 183}, {172, 178}, {173, 179}, {174, 180}, {192, 216}, {195, 213}, {198, 210}, {201, 207}},
		new int[,]
		{{1, 210}, {4, 213}, {7, 216}, {10, 201}, {13, 204}, {16, 207}, {19, 192}, {22, 195}, {25, 198}, {28, 52}, {31, 49}, {34, 46}, {37, 43}, {55, 79}, {58, 76}, {61, 73}, {64, 70}, {82, 109}, {85, 112}, {88, 115}, {91, 118}, {94, 121}, {97, 124}, {100, 127}, {103, 130}, {106, 133}, {163, 183}, {164, 182}, {165, 181}, {166, 186}, {167, 185}, {168, 184}, {169, 189}, {170, 188}, {171, 187}, {172, 174}, {175, 177}, {178, 180}},
		new int[,]
		{{1, 198}, {4, 195}, {7, 192}, {10, 207}, {13, 204}, {16, 201}, {19, 216}, {22, 213}, {25, 210}, {28, 55}, {31, 58}, {34, 61}, {37, 64}, {40, 67}, {43, 70}, {46, 73}, {49, 76}, {52, 79}, {82, 106}, {85, 103}, {88, 100}, {91, 97}, {109, 133}, {112, 130}, {115, 127}, {118, 124}, {163, 171}, {164, 170}, {165, 169}, {166, 168}, {172, 180}, {173, 179}, {174, 178}, {175, 177}, {181, 189}, {182, 188}, {183, 187}, {184, 186}},
		new int[,]
		{{28, 63}, {29, 62}, {30, 61}, {37, 72}, {38, 71}, {39, 70}, {46, 81}, {47, 80}, {48, 79}, {100, 108}, {101, 107}, {102, 106}, {103, 105}, {109, 117}, {110, 116}, {111, 115}, {112, 114}, {138, 169}, {141, 166}, {144, 163}, {147, 178}, {150, 175}, {153, 172}, {156, 187}, {159, 184}, {162, 181}, {190, 198}, {191, 197}, {192, 196}, {193, 195}, {199, 207}, {200, 206}, {201, 205}, {202, 204}, {208, 216}, {209, 215}, {210, 214}, {211, 213}},
		new int[,]
		{{28, 48}, {29, 47}, {30, 46}, {37, 39}, {61, 81}, {62, 80}, {63, 79}, {70, 72}, {100, 111}, {101, 110}, {102, 109}, {103, 114}, {104, 113}, {105, 112}, {106, 117}, {107, 116}, {108, 115}, {138, 181}, {141, 184}, {144, 187}, {147, 172}, {150, 175}, {153, 178}, {156, 163}, {159, 166}, {162, 169}, {190, 210}, {191, 209}, {192, 208}, {193, 213}, {194, 212}, {195, 211}, {196, 216}, {197, 215}, {198, 214}, {199, 201}, {202, 204}, {205, 207}},
		new int[,]
		{{28, 79}, {29, 80}, {30, 81}, {37, 70}, {38, 71}, {39, 72}, {46, 61}, {47, 62}, {48, 63}, {100, 115}, {101, 116}, {102, 117}, {103, 112}, {104, 113}, {105, 114}, {106, 109}, {107, 110}, {108, 111}, {138, 162}, {141, 159}, {144, 156}, {147, 153}, {163, 187}, {166, 184}, {169, 181}, {172, 178}, {190, 214}, {191, 215}, {192, 216}, {193, 211}, {194, 212}, {195, 213}, {196, 208}, {197, 209}, {198, 210}, {199, 205}, {200, 206}, {201, 207}},
		new int[,]
